A,2,08:00:00 - 08:20:00
Valores reales, 77.77,91.72,87.24,58.58,71.43,56.62,70.59
XGBoost,93.00739,69.76441,81.2721,71.98448,72.31781,63.63031,75.82526
Regresión Lineal, 72.26849656025593,66.18882202681175,82.2974686556687,77.06304815999545,82.15310854659242,74.30888988598008,52.066670548849515
Red Neuronal, 101.7353777554518,91.97449514981123,127.0212761088028,95.73744082606707,86.27203871943554,25.63435625695861,51.75863580868493
Máquina de Soporte Vectorial,: 73.12149958748859,71.83335074795038,72.69145133691447,72.20367643725571,72.3955932575822,72.51982508143466,72.26663398079849
KNN, 87.15666666666668,85.44,101.39666666666666,57.449999999999996,84.36666666666667,78.42333333333333,64.21333333333332
LightGBM, 99.51118698918661,75.52180799169639,73.2442550460618,66.28330930626366,85.48223496788108,72.53202854548536,86.70671628253002

A,2,08:20:00 - 08:40:00
Valores reales, 70.3,92.28,75.48,71.5,56.06,65.06,85.32
XGBoost,82.91849,74.46961,101.792305,64.74045,79.4782,85.63013,75.603806
Regresión Lineal, 72.0392321023254,78.05419721587185,84.92776528825414,71.30965402450437,71.53014192141927,63.109479950266575,55.08337062087412
Red Neuronal, 63.51283076120522,100.85873095963456,38.30652725813442,94.25872482666466,54.89434669879592,97.15575935680683,79.3365120142533
Máquina de Soporte Vectorial,: 74.70147336108604,75.5181536858749,75.44830313783586,73.35210204367303,76.01781348752505,75.36316800907338,73.34200566578252
KNN, 90.78000000000002,73.72333333333331,91.31666666666666,82.17666666666666,81.32,76.86333333333333,77.95666666666666
LightGBM, 97.58615723986878,100.33687150098321,87.41342667235872,73.72194248364016,86.38480857058971,95.12232920191848,66.48140349290644

A,2,08:40:00 - 09:00:00
Valores reales, 77.68,103.94,79.6,55.92,62.2,65.96,63.33
XGBoost,75.681496,73.92997,77.24097,79.92829,79.4521,83.85685,86.1083
Regresión Lineal, 70.59819991941447,73.89034927514194,80.43819946798794,79.73143183775176,88.89811450468517,91.5279133850546,78.60458278042393
Red Neuronal, 79.99923151679849,120.67671901638352,77.54934543082616,97.86090230286182,87.98123903388712,112.33327957842296,91.37950661286827
Máquina de Soporte Vectorial,: 74.2508915235821,75.57929091104167,75.97885417563114,73.77317419378457,75.91935155424152,75.33036900189997,73.59700929106046
KNN, 71.18333333333334,82.22000000000001,81.36666666666667,83.17666666666666,72.93666666666667,87.22666666666667,90.07666666666667
LightGBM, 79.42031770946498,116.98115002159025,79.26043092276646,88.47560174121313,80.97537863890066,90.17330301360319,76.87351916847024

A,2,09:00:00 - 09:20:00
Valores reales, 79.28,79.27,103.35,99.53,79.54,83.79,79.18
XGBoost,76.48862,83.7714,80.08929,81.37824,98.41501,92.91097,68.26743
Regresión Lineal, 78.99579898341096,94.54671388801643,82.6119612463022,73.39680425754902,81.82283336872882,106.19197249313495,83.47404144259241
Red Neuronal, 76.53995110278757,81.00175651292565,50.14365567122807,76.38782920114417,92.97591488088133,177.33235772645546,61.00598408887212
Máquina de Soporte Vectorial,: 69.73585817504787,72.28372922163067,72.36094548554215,70.34988582990769,73.3073635601655,74.17554466679533,70.6353496779485
KNN, 59.75666666666667,72.84666666666668,67.88333333333334,59.98333333333334,101.27,120.62333333333332,56.57333333333333
LightGBM, 79.51127562484093,86.29284448399457,73.75963640238527,79.6710417227205,92.9060060429805,93.90783724926324,77.72356514244093

A,2,09:20:00 - 09:40:00
Valores reales, 83.27,81.22,97.05,83.67,64.81,64.03,76.7
XGBoost,69.40676,70.1282,69.712555,75.78186,82.151215,78.255516,62.598583
Regresión Lineal, 59.9006850664307,59.36975212560651,77.10153442904539,81.4334189365727,91.67708755228159,92.39062458678131,79.03161625571352
Red Neuronal, 43.04745438994693,23.594846773589623,68.39531478760529,49.813521690235504,71.59641218774408,153.26520456467966,88.46114635552794
Máquina de Soporte Vectorial,: 70.00598353768716,70.96133436792674,70.47353191957443,69.27724582894525,71.5489300983567,71.8152980308648,70.06003406339688
KNN, 71.79,76.72666666666667,77.47000000000001,63.56999999999999,87.25999999999999,70.33666666666666,67.16
LightGBM, 66.24039971287368,73.17355617630346,72.78540550715316,73.24351458788777,83.14578116825628,73.79611378919282,68.27271828694435

A,2,09:40:00 - 10:00:00
Valores reales, 77.67,79.82,67.95,73.3,70.94,66.64,51.01
XGBoost,67.57628,75.99533,74.5428,64.6382,71.86421,78.3418,68.45639
Regresión Lineal, 59.77181585765493,59.30753598819956,69.02253218852496,64.20393998719169,78.47804378318273,80.36497432569428,72.74266925885917
Red Neuronal, 54.771678311831415,42.38165191735986,58.64813086735141,68.97178556269999,40.87869469837553,73.73530439577061,48.114512421574574
Máquina de Soporte Vectorial,: 69.6228564392101,69.77311774606682,70.39951815093214,70.0765813271181,70.67136717915373,71.43160012132611,69.74540226276352
KNN, 69.02666666666667,70.60666666666667,78.28666666666668,65.62,76.05333333333334,71.71,64.47333333333334
LightGBM, 69.87349161919491,71.47617761509827,70.47679484713844,70.44868728033353,67.567298626192,72.10503506304421,66.16254241939632

A,2,17:00:00 - 17:20:00
Valores reales, 75.0,60.0,96.52,101.05,71.32,94.08,85.03
XGBoost,80.12293,66.57464,66.55169,71.25756,65.45251,56.60718,75.29088
Regresión Lineal, 71.34276265982226,82.0333719786579,71.36560362560272,65.93893872013678,67.4351766507516,59.46480466644084,61.95677187991737
Red Neuronal, 70.17090971766267,62.732379713320455,55.17138603158873,80.66181510964786,80.04839026477111,175.78006467945255,143.20522471844458
Máquina de Soporte Vectorial,: 67.73071825392313,68.13518820133352,68.24715985878836,67.28602806714204,67.13011780476135,65.78450134494051,67.66898606709114
KNN, 74.54,73.87333333333333,66.85000000000001,86.94333333333334,61.38666666666668,71.23666666666666,80.53333333333335
LightGBM, 80.11153504669427,71.01995118527735,70.41323509122299,76.61010047429754,64.83423412507302,56.41684667407582,80.73015889005885

A,2,17:20:00 - 17:40:00
Valores reales, 63.3,56.98,54.93,82.62,63.61,67.87,68.98
XGBoost,74.37984,69.20881,72.30078,76.72714,59.927975,80.50805,66.53466
Regresión Lineal, 74.29679197820707,63.57742627655688,65.15404406889257,74.7240377726979,64.4828528756695,86.38288098915297,65.81612653301681
Red Neuronal, 27.310906611179206,58.93282910388223,56.97081716509493,24.695871873882087,105.80059300395833,80.97691672255328,106.63010480971238
Máquina de Soporte Vectorial,: 67.06506040465852,65.49833459131231,65.39935402462635,68.15339232826672,66.45292254776659,67.30623893599432,67.28905485457717
KNN, 63.31333333333333,59.46333333333333,62.58333333333334,77.12333333333333,75.23,77.36999999999999,77.90333333333334
LightGBM, 77.25307436297203,72.99715847962936,64.53980548287635,79.98196462929734,62.373462457723186,82.81458934468121,75.04657400049294

A,2,17:40:00 - 18:00:00
Valores reales, 68.39,66.91,82.28,62.0,77.17,63.09,53.84
XGBoost,73.46863,81.847786,71.913185,80.65245,56.50462,76.11255,63.430145
Regresión Lineal, 66.0826049029721,70.2882881247707,65.2088618742954,82.77128055336505,59.448425649813316,51.13931849783603,57.98934563169121
Red Neuronal, 32.172210645953946,71.7345087298295,45.851076963449415,59.73735598409979,98.3920096502063,124.00749268944686,94.63362625114723
Máquina de Soporte Vectorial,: 66.86342623333626,67.3401089628221,65.9282427724341,68.41781404900445,66.3884749292037,67.26496948106443,66.39180484757537
KNN, 60.96333333333333,62.23666666666666,65.64999999999999,80.18666666666667,54.46666666666666,69.36999999999999,69.75
LightGBM, 71.50808971322778,88.50170750406961,71.91382808946926,73.39318029394717,63.231160585847356,81.7993996462796,66.9899643601232

A,2,18:00:00 - 18:20:00
Valores reales, 88.83,63.8,75.25,76.75,69.61,63.97,65.13
XGBoost,80.170494,81.69733,74.320465,95.27633,61.846165,74.13247,70.66892
Regresión Lineal, 74.7408657368943,62.0855955752171,65.2218125652546,79.347163908943,64.26343695715593,58.46092894471269,67.28053313643602
Red Neuronal, 65.05033665346645,61.04426166599008,65.62643430591058,34.6975201158569,84.5947485433246,161.63926286586621,65.61366208198689
Máquina de Soporte Vectorial,: 67.31933500742755,67.5479360593169,67.2175916082669,66.77879192410578,64.80084472780646,65.21551839282304,66.48272742550745
KNN, 80.44333333333333,70.03333333333335,71.95,82.07333333333334,64.41000000000001,79.24333333333334,72.24666666666667
LightGBM, 79.13386047103559,77.43489992740024,71.77278577110417,89.03901374687455,59.76200218212869,74.73069190306903,71.75034765447897

A,2,18:20:00 - 18:40:00
Valores reales, 59.33,55.74,50.34,81.04,66.35,60.32,61.35
XGBoost,76.29196,61.227413,58.027653,65.172585,60.724995,69.77703,63.88742
Regresión Lineal, 68.74047566383274,58.96487673498086,57.48862819190322,62.466318812159216,53.9249250084265,54.475125800465094,60.48180427047828
Red Neuronal, 54.341273159414534,56.951711825601855,60.669435252205794,33.100404563230065,60.61930939423184,149.43378928659374,62.187718999188704
Máquina de Soporte Vectorial,: 62.31984722273617,61.37977378040583,61.4138878664905,62.525047599981136,61.05596848581608,63.676198385058754,62.175638810717146
KNN, 62.623333333333335,49.919999999999995,66.95666666666666,62.173333333333325,61.550000000000004,61.06333333333333,61.42333333333334
LightGBM, 69.02452087329152,63.90657567769243,61.41536468801075,63.45035312875251,60.80730904226711,71.03066436578273,68.49022107289858

A,2,18:40:00 - 19:00:00
Valores reales, 52.23,84.02,57.25,70.41,58.64,69.44,62.85
XGBoost,64.97481,91.580025,67.13955,67.32778,61.865147,69.59769,82.60757
Regresión Lineal, 66.89518052310211,68.65023630942596,67.229232907898,64.42902709471184,65.33313301914825,69.6512203144847,67.65349137580915
Red Neuronal, 46.067373421691485,85.22763911082234,61.160894616520984,6.587378755452777,82.57585852599249,145.67045220856477,83.9221507231265
Máquina de Soporte Vectorial,: 63.773788466953015,63.92182647405423,63.380633291150396,63.4972083141043,62.36976421563778,63.7398571434322,63.9797390425708
KNN, 59.63,65.08999999999999,84.43333333333334,64.92,61.60666666666666,73.77333333333333,65.77666666666666
LightGBM, 68.5231928665946,83.32413968354957,67.63377907287104,66.70417993490257,62.00851018693539,72.56193727784424,76.41940237822324

A,3,08:00:00 - 08:20:00
Valores reales, 197.5,319.67,183.76,258.88,120.94,91.06,265.38
XGBoost,291.85492,205.39381,302.19797,177.74083,189.98103,141.93431,131.96721
Regresión Lineal, 231.61371932574326,202.47887648607008,211.39341378096907,175.8292254960973,208.1709047847059,164.6381242753881,118.77270695261006
Red Neuronal, 273.0637605487788,293.6238434058784,293.412060198966,118.46719813465064,237.14504006407034,114.27033289779985,238.5724034905455
Máquina de Soporte Vectorial,: 132.28153514509447,133.16335697471757,133.2461146886051,130.84067588822293,133.50073175783163,128.44982529486768,125.78403861817291
KNN, 261.54333333333335,183.16333333333333,178.34333333333333,137.65666666666667,202.07666666666668,165.03333333333333,115.37
LightGBM, 289.5471284225593,181.57240666545826,268.9576380042102,156.8521797671786,180.76236492910917,148.34300002175664,132.40943387725943

A,3,08:20:00 - 08:40:00
Valores reales, 166.9,328.02,242.81,270.64,113.81,90.74,234.99
XGBoost,183.31853,169.33205,172.74612,170.68097,173.94698,167.51338,112.63295
Regresión Lineal, 167.88781902476512,207.27601036465148,183.44278219294665,206.63854310214356,243.14925241286892,221.46528245649733,150.74689189559467
Red Neuronal, 148.91526475937542,197.6832523768729,76.25853530604682,176.3074073492133,213.41862159392477,214.46835147583056,74.79542709001477
Máquina de Soporte Vectorial,: 132.63036570682226,134.13172985686776,133.93748454905153,133.0877768290113,134.01658127872844,130.59910660196397,128.1741067321749
KNN, 121.73,156.34333333333333,130.51333333333335,218.5466666666667,147.68666666666667,99.68333333333334,106.42
LightGBM, 251.99106536210383,172.62831097298837,205.22125754305964,167.82505851553336,207.55197257696244,190.66542443055812,137.65278688507613

A,3,08:40:00 - 09:00:00
Valores reales, 253.82,326.7,224.49,240.81,195.13,111.3,181.75
XGBoost,139.20772,224.40346,139.85632,144.47229,206.09598,157.2713,128.84239
Regresión Lineal, 148.9712105293948,180.33948427198243,167.9821604252021,173.58464344909584,191.27096401825162,154.8569140294598,112.4321958047502
Red Neuronal, 174.9727268109216,203.45297448332408,173.23296081146486,207.17682594762968,168.77211212676326,212.90721691386642,94.68159099496717
Máquina de Soporte Vectorial,: 140.4887424388205,142.8084924432767,142.35632932586293,139.96571993073408,144.1367164485838,140.06627278723704,135.9308707744294
KNN, 117.26666666666665,176.41333333333333,140.12333333333333,135.13333333333333,187.24666666666667,134.04666666666665,127.38333333333333
LightGBM, 161.59871524574035,210.06281016057892,172.58627462066013,152.0904692825546,192.25446793190696,163.41447676408453,132.46993949297354

A,3,09:00:00 - 09:20:00
Valores reales, 240.16,339.07,201.63,237.97,116.25,116.89,262.43
XGBoost,162.3178,176.42506,156.90767,157.56747,176.15717,158.79343,167.77928
Regresión Lineal, 116.90774754120366,183.6515224055497,145.56475917143143,166.35663801663804,201.06769472645055,176.46786641005792,98.88669906273435
Red Neuronal, 104.52893203997697,77.48772254553032,115.88016187088758,45.808606022645556,95.09030153193032,-1.8606330786091172,440.1525289524983
Máquina de Soporte Vectorial,: 142.16328876665588,144.74637013189746,144.56206292165635,142.75531045271643,146.67118177854474,143.002021007651,139.09800846207204
KNN, 114.99666666666667,116.05666666666666,153.45000000000002,100.07333333333332,139.54999999999998,138.62,141.09
LightGBM, 172.9816355356831,166.8493945021565,155.2593700144569,144.0239562922661,177.49583423932805,166.3579697016779,165.98439995863978

A,3,09:20:00 - 09:40:00
Valores reales, 179.19,316.84,263.23,250.89,124.06,103.09,146.56
XGBoost,148.56642,121.75504,160.37907,147.52705,210.57228,145.63864,105.848946
Regresión Lineal, 139.6680595312132,153.05297752165734,150.2187451430989,150.12430991327255,192.90058824287757,123.83795542942926,128.335662819728
Red Neuronal, 127.03053490617641,135.12269629715786,132.452267259859,147.74535153656996,130.30344092484654,154.7040148899824,107.28067312880945
Máquina de Soporte Vectorial,: 133.95255656622638,136.44695553966096,135.18558053396004,134.80481396002068,138.55971091309044,135.23091299181868,131.02916251240228
KNN, 116.92666666666666,124.31666666666666,117.29333333333334,112.7,152.18666666666667,130.76666666666665,143.67333333333332
LightGBM, 150.54740557684096,153.54552458218188,148.2029587491504,140.69531409520792,209.58690754675982,136.17394808665733,118.29583453685464

A,3,09:40:00 - 10:00:00
Valores reales, 136.98,199.89,182.37,194.2,147.83,95.62,92.95
XGBoost,137.84438,138.1735,136.84862,122.508064,135.3748,133.0049,131.83418
Regresión Lineal, 123.29024062042754,139.7001526908134,136.5991429444257,128.34065640911103,162.02163355733637,126.28876668379235,135.319941026999
Red Neuronal, 110.46172945557876,134.6867695709513,110.5265751284607,190.23978584566422,151.9703942640116,99.80412157051921,133.38068930888815
Máquina de Soporte Vectorial,: 124.3783863922932,125.73139852513606,125.70257093339211,124.87935285686007,126.66094978604963,125.61123128781144,124.4791206449801
KNN, 140.49333333333334,141.33,163.62,114.70333333333333,137.48666666666665,129.54333333333332,149.45333333333335
LightGBM, 151.75415602548503,140.23849295820037,134.18038740575818,128.05938461951422,137.252464052778,144.67677472707763,141.7001165440669

A,3,17:00:00 - 17:20:00
Valores reales, 136.34,152.27,139.66,135.93,110.48,112.65,121.97
XGBoost,138.07854,115.56599,138.90605,117.16019,107.82791,141.87498,123.81636
Regresión Lineal, 131.58564177218477,114.25100742714562,123.02609012851508,124.30910706558916,104.87626168698398,126.45262375301763,176.71736099832742
Red Neuronal, 152.4070113726791,113.8293266375119,101.17047415383917,90.54593928145164,135.32750060684398,133.5197044780183,263.62682552628286
Máquina de Soporte Vectorial,: 119.21178960015192,117.26558601627121,118.49681702463967,117.97579111201618,116.66389351535253,118.70261872318422,119.62244758630965
KNN, 143.07666666666668,115.47666666666667,121.29666666666667,136.91333333333333,103.53333333333335,106.38333333333333,186.04999999999998
LightGBM, 131.09677464727778,120.91238419067008,120.73525126794205,124.42186432688361,109.46193000285177,121.74629697971679,168.7635765238344

A,3,17:20:00 - 17:40:00
Valores reales, 143.7,123.18,126.32,121.93,113.84,107.82,124.4
XGBoost,130.00002,128.08296,137.1374,120.73297,110.48422,109.55445,124.4031
Regresión Lineal, 119.05876760073897,113.56599488200686,115.21982378745543,96.5357367289464,117.28346761505259,107.35107283822595,105.71813496448044
Red Neuronal, 77.78669360795031,89.31039811415275,151.12051526727095,70.44645866458642,97.41290531442496,116.29163893227737,164.92913965694987
Máquina de Soporte Vectorial,: 115.30069273119915,116.09033352925113,114.45969122035874,114.09977843279084,114.48496610405647,113.3214566803888,115.08686633409084
KNN, 128.53666666666666,137.10333333333332,112.50333333333333,113.88333333333333,115.22666666666667,118.89999999999999,122.94
LightGBM, 120.93609988410353,133.04648491429668,130.12492361911387,111.26917273438698,112.04378463080754,111.52286233830807,123.6387135278467

A,3,17:40:00 - 18:00:00
Valores reales, 100.13,112.64,124.92,107.05,124.66,112.35,95.07
XGBoost,118.66879,113.885605,113.900665,112.17499,108.21051,122.7359,121.68671
Regresión Lineal, 125.81199268399587,114.54340525087969,112.57055200077411,112.22230185837839,105.24925297372533,119.00011544208814,125.75988032009946
Red Neuronal, 84.37129458001064,97.88820088461777,122.53502820919182,73.69955624644598,111.65289181060895,142.22463050258526,129.5032206062982
Máquina de Soporte Vectorial,: 116.68290419605681,115.71301191337454,116.2027783149864,115.84198424181145,115.30154632505416,117.95748660735691,117.57221927403559
KNN, 114.27333333333333,118.72000000000001,120.08333333333333,113.72666666666667,108.02,126.84999999999998,109.45333333333333
LightGBM, 119.5757070520394,115.87416542345913,117.27099403569139,113.75970390572877,110.93129264171533,124.30925101380107,114.9875667816455

A,3,18:00:00 - 18:20:00
Valores reales, 122.91,110.19,139.16,113.41,88.7,98.51,109.61
XGBoost,131.07466,113.295685,116.006836,111.79834,111.73922,115.9791,106.49778
Regresión Lineal, 123.09386427409572,115.43707799900903,118.8790263926785,114.75368153310319,114.63377010884415,85.14815835395348,105.40819134279582
Red Neuronal, 34.10964181131804,173.02692961252646,116.26995025029471,62.51176165829634,149.63939135159242,269.4681850305465,89.62952734700053
Máquina de Soporte Vectorial,: 115.33872228309643,114.60630937029023,114.84441956634814,114.1207437338598,113.8245349288815,114.65609477887563,115.45123757607861
KNN, 118.5,114.87,119.85333333333334,128.78333333333333,129.87333333333333,133.85,138.02666666666667
LightGBM, 121.5553561172372,114.62199889112868,128.80242096074093,118.02734969725229,123.67701609270546,124.8815256161018,113.60759118783994

A,3,18:20:00 - 18:40:00
Valores reales, 112.75,100.43,128.43,123.13,103.83,103.75,109.73
XGBoost,115.6301,116.03491,117.77934,127.97988,109.87781,125.85086,115.21044
Regresión Lineal, 104.56419270150082,118.86597624328215,122.85979035474793,102.67362234027087,132.24545136775487,99.41236094180249,113.74414239363387
Red Neuronal, 85.31342990111972,113.98940305525672,100.18449806963088,110.31163129161632,79.03360529977175,142.01402779194132,124.14272639061738
Máquina de Soporte Vectorial,: 114.00785406460535,114.54894543445182,113.64436576705546,113.60756194030112,112.87520670193507,115.68803454083304,113.96091254672284
KNN, 113.17,124.06666666666668,121.19666666666667,117.46666666666665,109.52333333333333,109.88999999999999,107.45666666666666
LightGBM, 116.49040178017482,118.42084038491849,109.7944719597286,116.99976985393569,111.76465208886792,131.53896593158726,117.98284937713188

A,3,18:40:00 - 19:00:00
Valores reales, 120.58,150.64,95.71,107.53,170.18,102.92,165.64
XGBoost,139.18008,140.80519,139.81003,134.16362,142.64569,134.01279,140.61273
Regresión Lineal, 129.1057592045513,150.79317036493012,135.53840466105976,147.03890288199318,163.19036173162363,136.28954916459838,125.3837664067978
Red Neuronal, 162.65302519584915,166.80733276677114,96.49501916114372,206.90851999293506,138.1365171376242,173.37619530139563,128.87953303109725
Máquina de Soporte Vectorial,: 117.82331962796856,117.78787194647911,117.15113246438054,117.38214055355832,116.89996100451214,117.01972592034906,117.00103289321407
KNN, 117.50333333333333,123.61333333333334,111.33666666666666,155.28333333333333,100.44333333333333,106.07000000000001,102.35333333333334
LightGBM, 165.1639146326964,166.24827618699848,118.0829587324262,133.0109282870354,117.56152830853901,116.25786168243367,143.2929528807292

B,1,08:00:00 - 08:20:00
Valores reales, 88.71,92.31,108.92,126.64,105.17,139.86
XGBoost,126.48588,125.184715,119.03933,115.088806,141.66432,129.24614
Regresión Lineal, 155.39620175092966,120.37736037395132,88.54293935431247,89.45407865526943,138.146400326729,106.42869396200604
Red Neuronal, 104.34850983182092,293.6704680427966,173.83884303562445,38.165625689979784,80.66822085109331,51.58703005901506
Máquina de Soporte Vectorial,: 118.35744845283915,118.22091698740222,117.4506935726328,117.12808111600948,118.86847581672562,116.92638872833781
KNN, 132.46333333333334,119.65333333333335,98.23,111.15333333333332,132.6,120.73
LightGBM, 131.57399159069826,134.2562773947333,123.02107574265099,110.36966864446205,133.24654297825873,142.43429982997276

B,1,08:20:00 - 08:40:00
Valores reales, 136.07,135.66,138.17,163.0,116.39,111.58
XGBoost,116.62635,129.12111,106.26648,126.15062,114.653625,125.333954
Regresión Lineal, 130.2437813522185,110.8402312963334,121.12944869057611,125.79078233824777,130.23545267664224,122.8931857969875
Red Neuronal, 160.2036128693298,154.79615766726292,94.96698175543553,149.29080358259924,117.74692921164839,129.2441912051603
Máquina de Soporte Vectorial,: 116.34804635623539,115.70963339104235,115.19498789074906,116.2971041611497,116.82268880674752,116.03436932491904
KNN, 146.83333333333334,112.16666666666667,105.17333333333333,118.74666666666667,146.83333333333334,116.16000000000001
LightGBM, 118.0997910156788,131.89339341217735,95.04192870744141,127.04384839734901,103.39973262567345,122.41894964180922

B,1,08:40:00 - 09:00:00
Valores reales, 108.32,153.98,83.41,118.02,107.39,112.63
XGBoost,124.84579,131.73842,148.47197,138.09962,110.31184,113.76846
Regresión Lineal, 112.16076700446456,111.60441230148058,129.7569486539387,134.41875609612043,123.95132230979743,112.7760895296799
Red Neuronal, 176.64546658167072,261.86167039661586,108.34371513750324,122.51831508827328,137.17304902972919,183.430507457584
Máquina de Soporte Vectorial,: 114.47216150309843,114.94869127670563,115.06634729156704,115.47134255354456,114.57281769005338,114.4009250615673
KNN, 122.91333333333334,117.14,114.62333333333333,133.06333333333333,129.89333333333335,139.59333333333333
LightGBM, 123.39720899188416,132.88812523007394,138.29164342258386,133.5838784399228,115.78578573836054,127.78488294533072

B,1,09:00:00 - 09:20:00
Valores reales, 109.72,117.8,119.25,123.06,130.69,189.01,95.66
XGBoost,110.08436,128.1336,121.974655,118.53256,115.55582,168.91374,130.52353
Regresión Lineal, 104.54735056476511,106.6776591139701,121.98010952161144,126.19580414824804,97.53421321533733,178.04756983190964,112.7043741804805
Red Neuronal, 24.734749540079388,191.10985890122285,138.37674837633827,179.26944869898665,49.86693443215193,82.2906853322289,95.66900185969259
Máquina de Soporte Vectorial,: 124.81083275072392,123.29287593364471,122.52535066502183,123.59457332735475,124.79326666072575,124.13517212030027,124.84944462861543
KNN, 125.80333333333333,111.81666666666666,110.40666666666668,122.75,112.58999999999999,117.67333333333335,128.81
LightGBM, 102.04512994160652,137.29299128845875,117.81519253293163,111.63801307338467,115.02896240577823,182.88981793252506,134.32712143315712

B,1,09:20:00 - 09:40:00
Valores reales, 121.11,137.92,105.32,115.15,144.58,124.09
XGBoost,121.78508,104.114716,114.83218,106.9772,99.52408,105.98159
Regresión Lineal, 82.12439613957304,105.14248765795764,133.30822338146163,132.19078225880003,111.45173558764918,95.48454030074117
Red Neuronal, 83.70285819401934,121.60355408119038,88.5353567151427,69.54194310958898,88.72012236793988,64.45761427556253
Máquina de Soporte Vectorial,: 115.80796815770196,115.38953010601703,115.84360476340059,114.92349112994339,115.45508891038065,115.9089883880209
KNN, 126.63666666666667,99.78000000000002,149.59,136.92666666666665,112.62333333333333,113.85666666666668
LightGBM, 178.01268231526933,100.3499436755902,114.6558767910309,106.23444310683628,99.34106752687663,101.96721200239205

B,1,09:40:00 - 10:00:00
Valores reales, 103.39,142.04,132.5,97.77,126.19,107.28,111.86
XGBoost,109.58749,119.14902,111.687744,105.75321,119.711685,109.15768,117.954124
Regresión Lineal, 100.94394911377867,118.5477385946972,123.47974701748126,121.04025659906597,124.00539108140288,96.38534498219224,107.33119197634733
Red Neuronal, 140.87451198731767,148.91731982094808,124.28349819093162,111.8028001314105,103.9426015580932,83.42976141516391,246.90571187379564
Máquina de Soporte Vectorial,: 120.85034717416085,121.79847591377053,121.81075194447115,121.5115962486461,121.90080799424975,121.62906100646381,121.41641995253717
KNN, 107.42666666666666,107.77666666666666,114.37666666666667,123.94666666666666,112.36000000000001,124.60000000000001,113.87333333333333
LightGBM, 131.76258058993565,125.76360215491374,111.85931891405336,120.62188758633587,118.38257214515032,102.93822133271374,119.38551982601858

B,1,17:00:00 - 17:20:00
Valores reales, 120.0,120.2,87.61,174.46,160.13,84.84,114.14
XGBoost,132.68025,199.83337,146.66049,155.70984,111.83049,113.95307,144.60622
Regresión Lineal, 149.2433773771234,134.70290114178192,124.91872472014838,146.17307910870915,109.42031352652171,111.63523240155334,143.5755820083578
Red Neuronal, 116.76370628705297,146.8712263115242,105.78315217101485,143.47279956110947,83.36584338586533,176.62535334601816,170.18521729591842
Máquina de Soporte Vectorial,: 123.73917274547824,123.40887060748585,122.01735374848676,123.58585704185157,121.77443486025543,124.14805819909449,124.54226214177805
KNN, 119.55666666666666,118.03333333333335,119.41333333333334,136.45333333333335,113.96666666666665,143.56666666666666,128.04
LightGBM, 134.03068232321846,189.38275418119767,144.41484489121223,160.19785660728294,116.09633989916772,128.53513481591278,137.65329854551732

B,1,17:20:00 - 17:40:00
Valores reales, 150.77,173.74,221.76,155.09,94.28,128.66
XGBoost,104.42567,109.17323,156.81227,109.94847,155.75658,104.31115
Regresión Lineal, 97.37498116332745,126.05965414750534,151.07382731833604,106.57561216396414,125.27930526802947,127.82093886938065
Red Neuronal, 65.7576346987885,64.30525970532422,212.73554250084624,100.19239266517415,91.51356121648561,144.1615008693337
Máquina de Soporte Vectorial,: 115.67132261026721,115.03148303299591,116.94193627661176,115.08016352800931,116.72769470558298,116.0001143614623
KNN, 132.70333333333335,151.59,177.53333333333333,137.45333333333335,117.24000000000001,109.91000000000001
LightGBM, 109.88501408608678,110.21418605838683,154.72022095386433,108.95050859260034,148.03085396399445,107.15509832076889

B,1,17:40:00 - 18:00:00
Valores reales, 154.23,115.66,140.4,111.85,136.49,123.62
XGBoost,150.8872,129.09435,162.41205,159.47343,125.98116,196.03181
Regresión Lineal, 209.18862680136317,161.02354861148797,151.39508432937419,143.65782455263798,62.256393143400146,207.09551749615912
Red Neuronal, 174.79986814473872,98.78389316211451,110.46573940930439,205.9583500541368,189.40672792023545,281.3959361600671
Máquina de Soporte Vectorial,: 126.24016986857845,125.98815889282005,124.29192824088888,123.67550841774079,124.93843951843749,127.17871829045434
KNN, 274.30333333333334,142.65333333333334,120.51999999999998,112.39666666666666,109.54666666666667,165.22333333333333
LightGBM, 164.35325513239422,138.99380239004827,136.17243335957846,134.3406429289367,143.7568428406906,160.93257251962643

B,1,18:00:00 - 18:20:00
Valores reales, 131.32,141.59,21.7,392.65,115.5,125.39,146.24
XGBoost,142.84999,114.02573,127.6875,121.17896,107.341156,102.49189,144.63876
Regresión Lineal, 130.11229996996985,167.7456652515856,127.13983868518733,154.09926287699284,136.2849173330693,60.631099586778646,135.668160488426
Red Neuronal, 120.30466515100133,134.03902300075998,86.74254003122957,88.57769276283139,62.27909348639822,180.96644861336296,196.21600496874234
Máquina de Soporte Vectorial,: 123.57310386748485,126.21469550988978,124.02539064393012,123.47667908907565,124.26266228667133,123.76050741527536,123.93778270742301
KNN, 110.41333333333334,132.06000000000003,137.80666666666667,122.62,131.69666666666666,119.08,110.85666666666667
LightGBM, 126.48053556289493,134.19784996454533,126.19620873432508,128.746673598525,129.1200509468129,94.85749740102433,146.2217747319791

B,1,18:20:00 - 18:40:00
Valores reales, 131.49,143.75,175.15,104.97
XGBoost,328.4206,226.94525,165.41867,174.51411
Regresión Lineal, 160.38638683308636,171.36300571171523,177.68201406182357,142.3459797402777
Red Neuronal, 102.37156789984766,231.20822261198592,189.42157482902286,480.5264791830393
Máquina de Soporte Vectorial,: 125.78463219886055,124.1889854829839,124.66678100043329,124.85983221879609
KNN, 133.44000000000003,134.18666666666667,133.93333333333334,135.08666666666667
LightGBM, 253.79641445380557,170.3772696673442,146.61926583036447,131.5701576810723

B,1,18:40:00 - 19:00:00
Valores reales, 175.32,137.51,188.54,124.76,125.79
XGBoost,151.712,139.73376,183.12459,159.17163,119.56177
Regresión Lineal, 244.60210906793236,161.62133838675618,218.7389533750693,202.9760217401781,144.51531912782957
Red Neuronal, 183.9064428963489,96.59420076624441,195.9631694768161,274.9795290259996,156.89554173995555
Máquina de Soporte Vectorial,: 132.65552838469097,131.47542507507373,133.33177124252225,131.74187817415554,130.487562806347
KNN, 158.41666666666666,121.99000000000001,194.58666666666667,121.47666666666667,116.41666666666667
LightGBM, 188.38124683714273,129.01414443413873,170.00073549007186,165.01050871929124,134.0014925930103

B,3,08:00:00 - 08:20:00
Valores reales, 126.4,70.3,93.88,85.64,103.23,106.67,120.81
XGBoost,61.931576,121.80198,108.48412,103.89042,57.060604,104.34318,102.85829
Regresión Lineal, 114.06318979463595,118.32480548368721,114.66949338039058,98.09846194039187,101.35789296364646,92.82366276646394,104.99446243968328
Red Neuronal, 154.6781981173694,62.24383845857772,96.83513121067803,304.7102434230098,91.97895898935028,227.90320672924818,100.60044107865464
Máquina de Soporte Vectorial,: 105.56150635554614,106.532354995499,107.19130553388462,107.88275126199203,105.61436064780194,107.12941681936054,107.3744511617549
KNN, 89.73666666666668,96.85333333333334,96.85333333333334,149.35666666666665,88.95,95.50333333333333,107.23666666666666
LightGBM, 62.27391361626061,119.27702781183977,116.76289512415968,104.72212102369029,52.25939904067375,103.31069851276479,114.16118522296264

B,3,08:20:00 - 08:40:00
Valores reales, 115.52,145.63,87.78,99.17,111.49,85.55,98.33
XGBoost,97.54,109.15059,93.671425,148.20981,92.91099,107.18892,100.9111
Regresión Lineal, 95.74220669119904,78.24783531634091,104.18795128620525,112.52533100945038,101.25317142230813,108.35705836957197,92.66864016515626
Red Neuronal, 74.20392667479037,76.92865739968009,118.72340612265222,183.03516161449724,61.74734998248508,24.147364997786788,54.579566397818866
Máquina de Soporte Vectorial,: 105.09578045204502,105.59497988107111,105.78105907209661,105.66331014577005,105.26372464450255,106.4981971665319,105.5941269004264
KNN, 105.53000000000002,104.38666666666666,102.00999999999999,97.13666666666666,78.73666666666666,128.64333333333335,115.50999999999999
LightGBM, 106.158218045286,110.18030310114179,110.73066522935235,124.52591629042121,94.10712088607679,110.46159820441675,85.61588139227494

B,3,08:40:00 - 09:00:00
Valores reales, 98.86,120.0,103.01,102.09,65.55,91.14,107.49
XGBoost,133.90265,114.202644,112.132576,104.07648,113.64798,105.62887,92.58646
Regresión Lineal, 116.44977976134805,140.9617445008389,130.8499407849613,116.48493502535257,129.2168705834763,123.54396466416529,106.570990659975
Red Neuronal, 166.7358354449098,360.8003057079471,217.24894721718462,138.864895758477,109.22448728004561,72.72441653152963,32.10104103170744
Máquina de Soporte Vectorial,: 111.83568275243445,114.52038778895441,113.89948356851714,111.71753124124511,113.20753353959037,114.53067341300577,113.32812911741856
KNN, 100.97333333333334,102.53666666666668,104.88999999999999,114.58666666666666,86.59666666666668,94.57333333333334,118.72666666666665
LightGBM, 123.36593971546638,119.65008857155124,111.2250445418352,100.31094893731166,107.40778074083089,112.9554796987356,91.58618343380851

B,3,09:00:00 - 09:20:00
Valores reales, 131.15,129.17,94.06,103.95,92.04,64.23,147.68
XGBoost,115.46307,111.66728,105.95479,115.63861,107.54233,105.891846,107.59387
Regresión Lineal, 114.24899259809081,132.75450058660454,148.89347717269538,123.60092799588483,126.23361207938797,75.86617683242775,87.62815019477011
Red Neuronal, 199.64093231737957,126.07394967080245,157.62523355905782,113.04069025500372,109.0131439416295,52.834882735561436,60.9353085586688
Máquina de Soporte Vectorial,: 118.05138822928296,118.30473644329838,119.60189652540242,116.94744922711371,117.95384972363578,120.00658757619739,114.59118236742698
KNN, 93.12333333333333,92.04666666666667,105.27,86.51333333333334,118.46333333333332,124.20666666666666,90.57000000000001
LightGBM, 109.5520300697731,109.0568652457425,127.5588687518667,105.07760830918694,107.34823803636627,110.83887850977808,91.5080082202282

B,3,09:20:00 - 09:40:00
Valores reales, 151.95,108.18,114.88,82.41,116.15,120.49,124.16
XGBoost,132.67636,115.575554,109.00559,135.26128,133.58244,113.623924,105.467186
Regresión Lineal, 107.70003774767906,108.14459248618562,128.41368365274855,144.00046795681214,114.40685202670898,107.61309768717615,116.63527040308179
Red Neuronal, 131.03815890880873,102.13620618018074,110.25320695507921,162.6319987788175,127.62088162321199,126.24652768020051,97.80996892094159
Máquina de Soporte Vectorial,: 127.46479362641632,126.78330278795202,127.57710168338272,128.76020865494186,127.93997367295648,128.45966877657136,126.92260673308225
KNN, 136.97666666666666,108.99333333333334,115.39666666666665,141.12666666666667,137.08,94.96,105.89666666666666
LightGBM, 123.0613965004169,122.82829970032937,124.44142361093378,131.4546939835966,133.29893865703,116.30447613932051,110.90511193176668

B,3,09:40:00 - 10:00:00
Valores reales, 117.69,112.14,70.85,107.51,114.06,105.35,136.56
XGBoost,111.949005,106.27044,110.28416,108.94572,112.04396,112.1194,104.400925
Regresión Lineal, 119.53462261453774,120.389921590418,122.55735459448306,108.87414020930782,119.53624689048434,106.29595806223415,101.61609576452906
Red Neuronal, 117.39002780136735,95.50592881872451,96.45037715730426,116.48830956486492,85.32882036900554,99.37687716534461,106.92856842906372
Máquina de Soporte Vectorial,: 110.93217341110518,110.68401057034819,111.40671099858436,110.79078605925116,111.98267311254857,111.29208966908084,109.2679093358616
KNN, 124.39,124.39,95.58,108.63333333333333,124.96666666666665,112.45666666666666,108.13
LightGBM, 110.99998092222167,110.68158905409014,113.40640699961875,113.66426143874556,114.72362939112882,106.55992940635562,102.32934525438357

B,3,17:00:00 - 17:20:00
Valores reales, 80.49,106.34,116.79,84.76,87.86,88.62,110.46
XGBoost,125.46807,111.74841,111.59812,129.36775,97.16395,86.69615,97.910866
Regresión Lineal, 103.23049899121162,105.58465800048572,111.85692624353089,115.16353539487562,95.03538852399026,110.5881083865388,102.47995898539506
Red Neuronal, 121.37334493906711,96.25585057770222,110.9305478954296,110.80710621580953,149.12583981889077,183.88395213918471,134.27300022446292
Máquina de Soporte Vectorial,: 110.3364178744546,110.18595662454324,110.61087181662788,110.91103158490313,108.34087875114862,111.28001331116816,110.53928306955599
KNN, 101.25333333333333,111.09666666666665,121.63666666666667,120.18666666666665,89.12666666666667,106.14999999999999,120.13999999999999
LightGBM, 129.64670397784667,122.67318377371535,107.12462528894972,105.23609702779214,96.01374152061119,88.81101458949537,112.95309229409912

B,3,17:20:00 - 17:40:00
Valores reales, 97.56,105.73,93.09,108.29,103.59,104.55,57.83
XGBoost,108.997246,91.96445,92.98711,122.07254,99.64567,108.07287,107.34181
Regresión Lineal, 103.85304991164094,115.12579729794106,107.98692924731586,111.77344723820943,105.69840976189607,120.1990344801975,121.12579175653627
Red Neuronal, 86.37931708691058,88.44016119958805,101.58610816883335,95.44315909630517,144.02408291001404,252.28137012519645,124.50003925682957
Máquina de Soporte Vectorial,: 108.99609521733028,110.71549871665927,109.04253894480753,109.22442400039479,108.5683291954721,110.29445532764427,110.91451677395003
KNN, 95.64,112.43,113.13999999999999,114.79666666666667,123.10000000000001,107.65666666666668,122.49666666666667
LightGBM, 109.53646022116197,97.90234855401388,91.9587911515827,110.1696583955786,98.29557775688986,100.36217262782425,103.70173444158655

B,3,17:40:00 - 18:00:00
Valores reales, 104.47,101.06,87.7,130.19,120.99,90.96,118.39
XGBoost,114.337944,98.97876,97.26703,106.8976,113.33146,103.8922,107.468544
Regresión Lineal, 98.66604916256938,107.24209282128913,99.51854982926852,99.09303291495144,106.62522164538882,103.66640971490165,96.80744825462511
Red Neuronal, 59.59178929248145,138.35369000384853,91.48089923909836,84.00415391633258,145.04366947796333,168.62476017331727,144.037516179649
Máquina de Soporte Vectorial,: 105.83256316255039,107.01721112646544,107.63218485078984,107.31851722748146,106.84493905274635,106.96020900926638,108.36955974650004
KNN, 110.09333333333335,108.70333333333333,130.37333333333333,117.70333333333333,103.48666666666666,88.43666666666667,114.59999999999998
LightGBM, 101.81643851209328,119.09809781571715,106.37930379339868,103.60346457789247,100.64114033445368,95.89002725168153,124.4201252248396

B,3,18:00:00 - 18:20:00
Valores reales, 125.47,87.42,99.22,137.44,95.22,109.01,104.99
XGBoost,84.87272,105.08194,113.95834,94.67963,92.7508,138.82832,122.25235
Regresión Lineal, 112.08200381234838,119.5999870466535,119.14536878676154,97.64654915393044,108.21093722350588,115.74824999238149,115.81528531567915
Red Neuronal, 153.79116829816175,124.3544192939119,120.57393854265884,39.71383566840068,95.38612791815027,60.53516429239184,95.93362231450386
Máquina de Soporte Vectorial,: 108.1660341046505,110.07520339596977,109.98552498109275,107.3974940785426,107.07778627974973,107.76881946886093,108.7259168813402
KNN, 104.62333333333333,113.46333333333332,133.14333333333335,92.82333333333334,83.8,128.08666666666667,104.50999999999999
LightGBM, 91.86744446622913,107.63982066436314,111.99440991769949,96.0408968880987,97.34568826418717,120.21391566706836,114.46128446218282

B,3,18:20:00 - 18:40:00
Valores reales, 111.18,110.38,80.24,120.71,72.77,81.63,129.71
XGBoost,81.42643,93.62908,106.586296,110.86302,104.48189,117.339806,81.32486
Regresión Lineal, 93.08077475868413,207.14293742478185,170.19319543970778,255.74347572034094,171.45792456126583,142.7087323468877,164.04171494201364
Red Neuronal, 7.169207430514691,367.6853708807996,57.26967373073937,875.0855005149937,83.21489145832761,183.76505375196123,48.30867413143807
Máquina de Soporte Vectorial,: 103.81002049570394,103.45304235772737,104.61842676680094,105.13694053552788,103.71136394631493,105.14250034442597,104.83135287522511
KNN, 88.72666666666667,563.1233333333333,98.99666666666667,569.01,106.19666666666666,104.54,91.43
LightGBM, 237.68009197209082,172.56749945857774,100.57380926699291,177.3865012809955,86.76513695442146,73.37186354366013,115.92202395117168

B,3,18:40:00 - 19:00:00
Valores reales, 117.39,80.84,106.83,60.02,88.6,104.62,46.32
XGBoost,122.33649,138.99579,104.84627,108.58924,109.834305,95.83949,103.723526
Regresión Lineal, 106.57375506349794,122.9234001401341,119.98216953132484,134.0497984429413,122.95295903497563,117.76360472170629,105.56545163499806
Red Neuronal, 44.774935378173254,100.80267348491499,88.75631366749047,103.91852221089947,69.75513859256473,101.10497005047938,78.08075282250489
Máquina de Soporte Vectorial,: 111.15100590079449,112.0694679792115,110.74090294752804,111.92858686868526,111.76590191189909,110.81343245235551,111.28939923717857
KNN, 87.21666666666665,133.48333333333335,94.49000000000001,108.39666666666666,133.81,115.07333333333334,116.30333333333333
LightGBM, 134.64796441916062,127.78907102510696,111.1997268163391,106.64944348457901,116.77503427884227,111.07906608964936,107.78231776606414

C,1,08:00:00 - 08:20:00
Valores reales, 134.51,158.18,200.43,147.11,159.65,159.83
XGBoost,158.0027,144.64204,180.69835,174.01106,163.2859,141.92006
Regresión Lineal, 180.1356020680314,149.43292943256756,222.05065714328975,195.107130634864,194.78828530549708,139.967597709865
Red Neuronal, 220.1752757312881,165.14609393180052,276.38411682670977,254.88148882984297,240.74515431800492,131.51900149422266
Máquina de Soporte Vectorial,: 166.86354122974166,165.87909875654134,166.19157329904638,166.23945326715761,166.7310366164483,166.19560551084703
KNN, 169.4,156.91,196.37333333333333,192.51,175.0666666666667,168.29999999999998
LightGBM, 195.2325026262236,158.78039513281902,172.90819937939213,158.84113766778069,172.67019738114723,152.45954410279387

C,1,08:20:00 - 08:40:00
Valores reales, 183.06,189.34,178.94,193.38,169.57,186.79,156.72
XGBoost,186.41307,166.25322,148.95297,145.84831,176.83928,166.7922,172.4492
Regresión Lineal, 150.64367099251513,138.84564859958778,163.06493006693267,173.64018845501687,156.8224134723223,198.85164198658345,173.67945962407134
Red Neuronal, 226.02787076787536,156.02003871385398,253.50811909286625,232.32002090682167,185.35059843018936,241.8448525373032,229.2278741879149
Máquina de Soporte Vectorial,: 169.0626521132805,168.93514083316217,168.48489037998135,168.60237154796184,168.20471567566912,169.55464634242125,169.7123740248875
KNN, 157.79333333333332,151.33666666666667,161.86,165.61999999999998,168.75333333333336,183.04666666666665,174.46666666666667
LightGBM, 183.11051301228352,172.35965044511937,158.42783280193913,148.38738419732096,164.27274256037293,180.8614093615037,181.24098998357897

C,1,08:40:00 - 09:00:00
Valores reales, 140.53,200.76,173.51,153.82,157.63
XGBoost,168.51015,161.66312,139.9152,156.07758,166.17256
Regresión Lineal, 163.03251794574794,236.15462246631478,195.87515567730702,187.97032600964576,168.07608650228303
Red Neuronal, 144.78746309811805,354.6137304688233,169.871840467691,123.90426617397374,196.14244105678847
Máquina de Soporte Vectorial,: 162.7946982457531,161.18892882351162,160.58933144449162,161.667105092874,163.28912974070172
KNN, 169.67333333333332,149.23,140.69333333333333,147.33333333333334,185.95666666666668
LightGBM, 179.95813343856696,202.47905432879492,159.61311259098292,187.80741381521202,186.87357491367555

C,1,09:00:00 - 09:20:00
Valores reales, 158.02,158.96,138.53,149.93,187.36,211.64
XGBoost,178.21048,176.58366,189.09407,146.06606,152.3381,204.4114
Regresión Lineal, 147.2811837277436,161.16994827337294,174.25382228129502,165.9783051887316,151.59620329392328,193.86192630180722
Red Neuronal, 162.26292382291408,204.58837175217738,164.99762233709302,137.43056214158608,106.38876252903432,176.918421197173
Máquina de Soporte Vectorial,: 168.51965943500954,168.17842437588797,169.0053538121255,169.2212152522828,167.81466526371648,169.1010932439276
KNN, 164.09333333333333,174.40333333333334,152.88666666666666,168.72,154.38,198.42333333333332
LightGBM, 173.67081743161614,176.5464095401211,193.11437060913147,164.53225188633246,164.41736088338268,210.15538676535516

C,1,09:20:00 - 09:40:00
Valores reales, 130.53,250.19,182.56,182.18,187.97,153.05,136.74
XGBoost,152.96996,132.75008,165.94287,169.35931,172.03761,195.0437,153.7464
Regresión Lineal, 173.20303566395205,166.50055187307044,167.68891595167565,180.83673104195964,182.53765044221382,203.11918195229555,205.63011434080545
Red Neuronal, 109.50754170413455,131.0767881827615,169.04749341361742,192.39379358683414,170.18975872792407,182.64499381349188,263.88196499867894
Máquina de Soporte Vectorial,: 173.65534008223705,174.25156491186482,173.1860077506489,173.35540918365555,173.6093965944264,175.40728196355496,175.2085832962545
KNN, 178.74666666666667,154.85666666666665,157.97,161.11666666666667,179.4366666666667,146.83333333333334,212.13333333333335
LightGBM, 183.52999860639417,166.3240227925505,163.37379010752488,160.41813520275264,187.06040751321396,197.70051760702466,194.63275300119028

C,1,09:40:00 - 10:00:00
Valores reales, 151.99,220.91,152.07,173.31,447.96,205.9
XGBoost,197.50813,192.135,185.33281,176.68848,180.2527,179.94429
Regresión Lineal, 205.72217556634226,192.69671104704753,205.3058904010801,174.3338493228232,219.3198376710524,171.4813007532648
Red Neuronal, 284.7566635165407,290.1946073865331,208.33942793638926,211.3537712034559,196.96243028874835,240.53107488976093
Máquina de Soporte Vectorial,: 172.59295496554452,171.62906897116375,170.75669242424593,170.68753792027783,172.08074960921738,171.15264179503563
KNN, 187.54999999999998,203.40666666666667,219.1,165.36666666666667,201.47666666666666,200.75333333333333
LightGBM, 210.30433317139622,198.42648621377145,189.0186277542182,165.45071083541842,192.5040400483289,196.52122301304186

C,1,17:00:00 - 17:20:00
Valores reales, 417.44,233.4,226.48,265.45,331.19,227.86,190.15
XGBoost,212.88086,163.85924,175.55498,216.86191,195.57512,215.59323,171.89711
Regresión Lineal, 220.9976102321234,195.48976061927,219.45653318683213,219.6170551495992,210.74348568839088,237.31443221561534,238.37361881906952
Red Neuronal, 92.1378616965467,469.9241709612002,122.37456539449279,275.9537808301005,164.8366141129974,338.54742774053153,491.14296809619765
Máquina de Soporte Vectorial,: 176.65429820134906,177.72191421404082,175.851779720064,177.92890773035552,176.82131629196303,177.22790247079917,177.28534298534186
KNN, 234.1833333333333,231.72333333333336,173.87666666666667,215.25,184.16333333333333,195.71,237.0666666666667
LightGBM, 217.81515067330164,210.52088217867322,166.45673471046507,216.37781314667208,190.65216323314257,184.38137804328557,229.4413600935339

C,1,17:20:00 - 17:40:00
Valores reales, 185.55,190.28,312.25,465.17,240.21,229.92,154.65
XGBoost,185.83713,189.7778,214.26952,164.03586,203.6384,221.26637,202.78659
Regresión Lineal, 225.95389390996388,246.01297928261738,183.8608230868076,218.48919915057195,225.08507798355367,219.0735037401455,175.70187302616705
Red Neuronal, 87.8621742852863,238.6774688401663,128.50228795809687,188.56487882702882,147.15510264783828,304.7984050848015,306.0150309161607
Máquina de Soporte Vectorial,: 194.54387246283744,194.53155070005423,193.46056128056068,194.50718243699916,193.65673055983206,194.31150835817752,194.6383971819041
KNN, 178.09333333333333,223.87666666666667,206.38666666666666,195.70666666666668,187.39000000000001,173.32333333333335,176.84333333333333
LightGBM, 230.52305902240494,225.74987865433593,219.92792936420042,195.88857742769872,211.2581783538129,205.20124154642258,209.96879709345137

C,1,17:40:00 - 18:00:00
Valores reales, 238.49,198.43,482.11,229.13,221.27,160.04
XGBoost,211.68713,172.14793,323.58667,164.86528,215.0033,243.48758
Regresión Lineal, 235.3835635462533,181.9579191220023,240.99479859442863,184.3940335749412,212.8145690432516,295.9619603731003
Red Neuronal, 118.11953488930492,269.2010701198032,250.94913584818562,103.32869631325832,140.92962295851987,539.490097760326
Máquina de Soporte Vectorial,: 185.5483269850753,185.31119032450349,186.3144206032345,184.72890712685086,185.07226439454735,185.81143018189348
KNN, 166.00333333333333,184.57333333333335,248.14000000000001,166.93333333333337,185.77666666666667,192.97666666666666
LightGBM, 226.91126289185615,209.05865387533277,309.13470422856915,168.8416158689663,232.38446141463442,262.6513650664849

C,1,18:00:00 - 18:20:00
Valores reales, 179.15,283.97,174.53,487.41,271.24,200.4,271.2
XGBoost,238.62929,234.02931,171.4847,230.78925,189.14774,211.6771,213.99039
Regresión Lineal, 224.63318278614418,175.4630993473695,185.40473026036216,190.55380378174527,222.85557860205517,300.7123517296718,172.50415637096808
Red Neuronal, 169.51059422067956,208.15951178276853,159.80924780542293,170.2561083935937,236.1216894540084,297.24615557304395,341.6161235411555
Máquina de Soporte Vectorial,: 184.6703695792987,183.42583989907797,182.12281039832425,184.51886017769547,183.43306330608087,185.06764381216917,184.82953609287156
KNN, 194.46,197.32000000000002,190.47333333333333,191.92333333333332,201.39000000000001,247.2066666666667,180.76333333333332
LightGBM, 258.6125170418816,222.37326699859358,179.53378133677143,197.86649115334308,180.2949567810212,253.8885295245344,245.79310573150588

C,1,18:20:00 - 18:40:00
Valores reales, 263.94,314.9,149.01,490.26,245.61,224.13,260.35
XGBoost,310.08002,246.97025,223.68875,180.84906,234.96884,217.85094,288.7756
Regresión Lineal, 265.7722622571847,319.72648892635834,246.00129590787412,283.86503600635535,188.09394310189418,97.0562364849979,297.399461732439
Red Neuronal, 328.64682120205686,382.4519451163009,249.0202670578453,244.7409010280104,171.62479516606973,256.1128647616423,773.5389327338814
Máquina de Soporte Vectorial,: 219.4217503477573,220.31321960589125,218.265765574283,218.76504730134917,218.87998732494282,218.19694193128504,218.5405735720529
KNN, 209.09333333333333,270.56,242.47333333333333,186.56333333333336,263.00333333333333,152.83666666666667,228.16
LightGBM, 275.25705565828105,300.7379663440058,195.5783035349264,199.39385567150453,261.69020205496236,281.9720836087956,274.82062304045706

C,1,18:40:00 - 19:00:00
Valores reales, 390.85,165.61,317.67,233.02,122.38
XGBoost,321.87582,240.41687,259.4357,200.80357,223.65067
Regresión Lineal, 259.39024681022374,217.34840689175599,246.77919620103194,195.81899787428733,186.29066701522743
Red Neuronal, 126.55880605545138,110.18988575963522,136.55515829251337,185.2962181257974,138.0256386585863
Máquina de Soporte Vectorial,: 195.0263035843574,192.8302708338509,194.55546914257297,192.78291538036328,194.40652993383875
KNN, 237.54000000000005,164.71,243.11333333333334,200.16666666666666,210.25666666666666
LightGBM, 304.55142619443257,229.07207121079125,259.5257126916568,199.44109262767168,207.23172814334285

C,3,08:00:00 - 08:20:00
Valores reales, 188.63,196.43
XGBoost,101.18511,128.15692
Regresión Lineal, 148.84570337389823,119.86885285548313
Red Neuronal, 91.1192406264028,120.10417788386651
Máquina de Soporte Vectorial,: 156.54038797834448,155.74260226764983
KNN, 122.83999999999999,124.11333333333334
LightGBM, 152.50771669896974,151.91421932052864

C,3,08:20:00 - 08:40:00
Valores reales, 233.55,175.91,141.54,124.56
XGBoost,153.58125,130.64816,144.8785,123.4459
Regresión Lineal, 188.40539658203488,78.33421741402162,181.25197704081438,81.28236268747514
Red Neuronal, 191.77288772008745,155.79561033838763,543.5372219239741,73.26192719002655
Máquina de Soporte Vectorial,: 162.6656617200851,161.0992086261073,163.53249566993952,162.06381696970072
KNN, 130.26666666666668,117.94000000000001,184.55666666666664,138.81
LightGBM, 138.61247040796803,138.67961341248338,156.64636059250486,135.30724637927582

C,3,08:40:00 - 09:00:00
Valores reales, 155.31,202.04,194.8,214.37,141.63
XGBoost,181.27141,185.25542,177.54156,135.37651,136.87866
Regresión Lineal, 176.79694795183138,154.53568461160887,150.71914653589408,162.71213320248148,43.18534783684572
Red Neuronal, 259.53204140594914,194.52324687601674,772.7847701328496,147.62646951465058,115.76587350333011
Máquina de Soporte Vectorial,: 159.20847879296005,158.56038339068905,160.66462542794113,158.74188792155633,158.62449904433902
KNN, 161.14333333333332,156.14333333333335,183.80666666666664,150.06666666666663,128.4
LightGBM, 183.2752308856713,185.39714890658513,236.4520413729713,138.92062610514805,157.41263284406767

C,3,09:00:00 - 09:20:00
Valores reales, 216.72,209.15,148.35,106.63,134.16,93.53
XGBoost,115.92518,244.1972,122.8703,155.3317,118.40108,170.15163
Regresión Lineal, 110.66421529260879,230.80280016603842,-234.8552532513495,156.6076112448709,94.58035569634194,155.9724949125466
Red Neuronal, 158.41541877643795,373.1810910733357,619.0725663712261,124.4322972783074,130.5062880521633,105.21680350266432
Máquina de Soporte Vectorial,: 176.58213051648968,176.06280169794394,178.68182268302837,174.79000094711944,176.67775025776172,177.86331987893448
KNN, 140.89666666666668,189.8133333333333,132.56333333333333,141.05666666666664,140.89666666666668,165.24666666666667
LightGBM, 152.50329267036517,267.6366609983332,142.53622596489987,136.4977330839201,133.67256955122505,165.11249019936918

C,3,09:20:00 - 09:40:00
Valores reales, 178.4,143.38,209.36,155.75,174.1,211.69,142.25
XGBoost,190.51112,241.0086,251.02333,215.9328,225.00783,177.94788,159.82014
Regresión Lineal, 171.44459416912514,196.10514855939482,230.0602423176092,164.94058440967046,191.40969059070585,151.69136230074628,141.7664504238528
Red Neuronal, 162.76271459866518,161.8845210227905,888.6873409761394,91.76552684321902,210.3002473897312,250.40597132856084,148.64371452948518
Máquina de Soporte Vectorial,: 185.84852178018733,187.66865972017783,186.62819706029038,184.6285824857062,186.9303666152345,186.85227263720614,184.91781533678838
KNN, 147.19333333333336,186.96666666666667,212.77666666666667,157.08333333333334,167.04999999999998,186.20666666666668,170.74
LightGBM, 185.99539452970254,233.55433384246723,237.8576276501019,215.8815837306676,216.56285622928937,206.253721448012,151.51005198194468

C,3,09:40:00 - 10:00:00
Valores reales, 144.3,168.16,131.44,135.19,169.27
XGBoost,177.99596,190.43938,168.27274,180.7982,203.71953
Regresión Lineal, 149.76622217040108,136.54064741394313,144.83261063221812,156.53265342421923,178.93957957454518
Red Neuronal, 179.46264959212886,129.70903101271858,93.22758544435386,179.93814977317302,202.0653871871816
Máquina de Soporte Vectorial,: 168.8957650284607,169.62735299807636,169.27777465692793,169.79239031920028,169.34349028360117
KNN, 148.51333333333335,181.19999999999996,191.89333333333335,180.20666666666668,203.54
LightGBM, 164.55033335668463,198.60542107181826,150.45686448587628,195.72183324410318,204.23887170583245

C,3,17:00:00 - 17:20:00
Valores reales, 189.83,108.94,143.44,199.61,161.79
XGBoost,151.05092,173.77344,181.1639,143.10927,192.20876
Regresión Lineal, 148.17355065451966,219.2286165195785,168.26149901915346,162.12081639129224,146.38133161007408
Red Neuronal, 167.3049033947122,338.82696561315703,185.08553466326399,200.94031092714698,193.58258960637767
Máquina de Soporte Vectorial,: 191.29026500276123,192.11763671853492,192.0281188081932,191.66246744586857,191.25423568543954
KNN, 199.35,182.89,222.75333333333333,197.26,156.69333333333333
LightGBM, 148.46115821444704,195.09495346029328,172.55388659490364,158.77463636820795,185.56008252538686

C,3,17:20:00 - 17:40:00
Valores reales, 185.13,138.56,193.78,167.41,198.63,165.87
XGBoost,137.37538,189.23657,179.29837,173.86261,234.92584,206.31804
Regresión Lineal, 135.64138004446315,172.63364227808788,166.2139657363162,167.5995187711108,270.59850749844566,184.247048335169
Red Neuronal, 165.94685286140532,215.52170967162584,126.61239882347817,235.79615741282393,330.5263966781587,224.3049292319004
Máquina de Soporte Vectorial,: 171.9611802272756,172.7355177023222,174.09580672454067,173.47739188559885,175.38751709325308,173.91628164528566
KNN, 171.67,163.49999999999997,179.04,174.67666666666665,217.9333333333333,193.34333333333333
LightGBM, 176.3052823433743,193.80659190227547,188.6602850982113,164.07078570564897,218.0148514818674,185.20846531187541

C,3,17:40:00 - 18:00:00
Valores reales, 173.81,254.98,245.12,200.92,111.53
XGBoost,207.8741,186.71782,204.99585,214.14192,217.02994
Regresión Lineal, 219.24955422810217,204.15855416637987,188.9138228291822,181.26285150103922,200.78739513067467
Red Neuronal, 197.48932405199318,206.52761477938677,159.81820772091325,266.7660689880413,236.639007507523
Máquina de Soporte Vectorial,: 198.97691613327547,199.21662734635052,199.85956230307076,199.21523427372728,199.37497149670372
KNN, 225.87666666666667,248.11333333333334,210.17333333333332,203.12666666666667,209.4666666666667
LightGBM, 183.3196320442933,197.2876041180398,189.76558661144495,198.9021348244258,195.44441430355613

C,3,18:00:00 - 18:20:00
Valores reales, 84.47,273.95,273.59,167.08,218.88
XGBoost,260.90228,243.24185,248.50743,189.50912,232.53603
Regresión Lineal, 222.54927713529867,143.445840767321,226.85422223342573,194.59610141490873,283.52291926403495
Red Neuronal, 205.84854274178724,161.26083564820925,214.24745620769758,181.37130747652859,227.56322404278467
Máquina de Soporte Vectorial,: 175.20708019946528,175.19818262857714,175.64467170872413,175.23652561878023,175.67573592019622
KNN, 211.04,192.96666666666667,216.41,196.03333333333333,227.33666666666667
LightGBM, 322.1629689693805,190.9325665852117,264.7332998057358,204.51441978500262,185.06398605974977

C,3,18:20:00 - 18:40:00
Valores reales, 123.48,211.71,216.57,224.5,109.12
XGBoost,244.66826,229.95438,180.55417,195.29375,239.50253
Regresión Lineal, 174.36999402534275,201.94975865620881,186.81351290140947,239.19977151401145,231.40757895859088
Red Neuronal, 275.7403546402148,218.02555599839025,221.54131682436727,369.22907225155546,203.51902364037002
Máquina de Soporte Vectorial,: 191.46391505596495,192.59028850924366,192.30498091830853,192.09767526818968,193.54810065121254
KNN, 165.08333333333334,217.57666666666668,184.36333333333332,182.64333333333335,252.54333333333332
LightGBM, 244.19944673342064,219.61650646851888,208.0149753084334,199.83025081244813,280.0707275699838

C,3,18:40:00 - 19:00:00
Valores reales, 204.89,170.41,242.64,241.57,138.99
XGBoost,202.44405,205.00002,145.93045,182.63147,189.14677
Regresión Lineal, 235.4707495673399,213.98569217884528,217.43495890826648,147.51142911633065,78.52167378693662
Red Neuronal, 243.75914300634474,367.4072602902946,168.65551142037128,257.4712181537813,325.3677549194216
Máquina de Soporte Vectorial,: 177.86596077288553,177.32617120050847,177.83274807490258,177.23910556318384,178.40386971743908
KNN, 165.47,166.92000000000002,165.47,175.37333333333333,168.63333333333333
LightGBM, 198.2646766295406,165.40859192075408,166.28473280395332,157.27423768338016,170.2228845266671

